130.0;100.0
130.0;101.0
130.0;113.0
130.0;125.0
130.0;137.0
130.0;149.0
131.0;160.0
131.0;159.0
131.0;147.0
131.0;135.0
131.0;123.0
131.0;111.0
132.0;100.0
132.0;101.0
132.0;113.0
132.0;125.0
132.0;137.0
132.0;149.0
133.0;160.0
133.0;159.0
133.0;147.0
133.0;135.0
133.0;123.0
133.0;111.0
134.0;100.0
134.0;101.0
134.0;113.0
134.0;125.0
134.0;137.0
134.0;149.0
135.0;160.0
135.0;159.0
135.0;147.0
135.0;135.0
135.0;123.0
135.0;111.0
136.0;100.0
136.0;101.0
136.0;113.0
136.0;125.0
136.0;137.0
136.0;149.0
137.0;160.0
137.0;159.0
137.0;147.0
137.0;135.0
137.0;123.0
137.0;111.0
138.0;100.0
138.0;101.0
138.0;113.0
138.0;125.0
138.0;137.0
138.0;149.0
139.0;160.0
139.0;159.0
139.0;147.0
139.0;135.0
139.0;123.0
139.0;111.0
140.0;100.0
140.0;101.0
140.0;113.0
140.0;125.0
140.0;137.0
140.0;149.0
141.0;160.0
141.0;159.0
141.0;147.0
142.0;140.0
142.0;141.0
142.0;153.0
143.0;160.0
143.0;159.0
143.0;147.0
144.0;140.0
144.0;141.0
144.0;153.0
145.0;160.0
145.0;159.0
145.0;147.0
146.0;140.0
146.0;141.0
146.0;153.0
147.0;160.0
147.0;159.0
147.0;147.0
148.0;140.0
148.0;141.0
148.0;153.0
149.0;160.0
149.0;159.0
149.0;147.0
150.0;140.0
150.0;141.0
150.0;153.0
151.0;160.0
151.0;159.0
151.0;147.0
152.0;140.0
152.0;141.0
152.0;153.0
153.0;160.0
153.0;159.0
153.0;147.0
154.0;140.0
154.0;141.0
154.0;153.0
155.0;160.0
155.0;159.0
155.0;147.0
156.0;140.0
156.0;141.0
156.0;153.0
157.0;160.0
157.0;159.0
157.0;147.0
158.0;140.0
158.0;141.0
158.0;153.0
159.0;160.0
159.0;159.0
159.0;147.0
160.0;140.0
160.0;139.0
160.0;127.0
160.0;115.0
160.0;103.0
159.0;100.0
147.0;100.0
141.0;101.0
141.0;113.0
142.0;120.0
142.0;119.0
142.0;107.0
143.0;101.0
143.0;102.0
143.0;114.0
144.0;120.0
144.0;119.0
144.0;107.0
145.0;101.0
145.0;102.0
145.0;114.0
146.0;120.0
146.0;119.0
146.0;107.0
147.0;101.0
147.0;102.0
147.0;114.0
148.0;120.0
148.0;119.0
148.0;107.0
149.0;101.0
149.0;102.0
149.0;114.0
150.0;120.0
150.0;119.0
150.0;107.0
151.0;101.0
151.0;102.0
151.0;114.0
152.0;120.0
152.0;119.0
152.0;107.0
153.0;101.0
153.0;102.0
153.0;114.0
154.0;120.0
154.0;119.0
154.0;107.0
155.0;101.0
155.0;102.0
155.0;114.0
156.0;120.0
156.0;119.0
156.0;107.0
157.0;101.0
157.0;102.0
157.0;114.0
158.0;120.0
158.0;119.0
158.0;107.0
159.0;101.0
159.0;102.0
159.0;114.0
160.0;141.0
160.0;142.0
160.0;154.0
161.0;160.0
161.0;159.0
161.0;147.0
161.0;135.0
161.0;123.0
161.0;111.0
162.0;100.0
162.0;101.0
162.0;113.0
162.0;125.0
162.0;137.0
162.0;149.0
163.0;160.0
163.0;159.0
163.0;147.0
163.0;135.0
163.0;123.0
163.0;111.0
164.0;100.0
164.0;101.0
164.0;113.0
164.0;125.0
164.0;137.0
164.0;149.0
165.0;160.0
165.0;159.0
165.0;147.0
165.0;135.0
165.0;123.0
165.0;111.0
166.0;100.0
166.0;101.0
166.0;113.0
166.0;125.0
166.0;137.0
166.0;149.0
167.0;160.0
167.0;159.0
167.0;147.0
167.0;135.0
167.0;123.0
167.0;111.0
168.0;100.0
168.0;101.0
168.0;113.0
168.0;125.0
168.0;137.0
168.0;149.0
169.0;160.0
169.0;159.0
169.0;147.0
169.0;135.0
169.0;123.0
169.0;111.0
170.0;100.0
170.0;101.0
170.0;113.0
170.0;125.0
170.0;137.0
170.0;149.0
171.0;100.0
171.0;101.0
171.0;113.0
171.0;125.0
172.0;130.0
172.0;129.0
172.0;117.0
172.0;105.0
173.0;100.0
173.0;101.0
173.0;113.0
173.0;125.0
174.0;130.0
174.0;129.0
174.0;117.0
174.0;105.0
175.0;100.0
175.0;101.0
175.0;113.0
175.0;125.0
176.0;130.0
176.0;129.0
176.0;117.0
176.0;105.0
177.0;100.0
177.0;101.0
177.0;113.0
177.0;125.0
178.0;130.0
178.0;129.0
178.0;117.0
178.0;105.0
179.0;100.0
179.0;101.0
179.0;113.0
179.0;125.0
180.0;130.0
180.0;129.0
180.0;117.0
180.0;105.0
181.0;100.0
181.0;101.0
181.0;113.0
181.0;125.0
182.0;130.0
182.0;129.0
182.0;117.0
182.0;105.0
183.0;100.0
183.0;101.0
183.0;113.0
183.0;125.0
184.0;130.0
184.0;129.0
184.0;117.0
184.0;105.0
185.0;100.0
185.0;101.0
185.0;113.0
185.0;125.0
186.0;130.0
186.0;129.0
186.0;117.0
186.0;105.0
187.0;100.0
187.0;101.0
187.0;113.0
187.0;125.0
188.0;130.0
188.0;129.0
188.0;117.0
188.0;105.0
189.0;100.0
189.0;101.0
189.0;113.0
189.0;125.0
190.0;130.0
190.0;129.0
190.0;117.0
190.0;105.0
